shoulder_pan,shoulder_lift,elbow_flex,wrist_flex,wrist_roll,gripper
82.55,-104.66,95.78,78.46,98.59,7.37
82.55,-104.66,95.78,78.46,98.59,7.37
82.55,-104.66,95.78,78.46,98.59,7.37
82.55,-104.66,95.78,78.46,98.59,7.37
82.46,-104.66,95.78,78.37,98.59,7.37
82.46,-104.66,95.78,78.37,98.59,7.37
82.46,-104.66,95.78,78.37,98.59,7.37
82.46,-104.66,95.78,78.37,98.59,7.37
82.46,-104.66,95.78,78.37,98.59,7.37
82.46,-104.57,95.78,78.37,98.59,7.37
82.46,-104.40,95.78,78.37,98.77,7.37
82.20,-104.22,95.43,78.37,98.86,7.37
82.11,-103.78,94.81,78.11,98.86,7.37
82.11,-102.29,92.79,77.93,98.95,7.37
82.11,-98.95,89.36,78.20,98.95,7.37
82.11,-93.67,85.05,78.29,98.95,7.37
82.11,-86.81,79.43,78.29,98.95,7.37
82.11,-78.99,72.66,78.29,98.95,7.37
82.11,-70.64,65.63,78.29,98.95,7.37
82.20,-62.64,58.24,78.29,98.95,7.37
82.37,-54.64,50.51,78.29,98.95,7.37
82.37,-46.99,42.86,78.29,98.95,7.37
82.46,-39.87,35.82,78.29,98.95,7.37
82.46,-33.01,29.23,78.29,98.95,7.43
82.46,-26.68,23.52,78.29,98.95,7.55
82.55,-20.88,18.42,78.29,98.95,7.55
82.55,-15.34,13.58,78.29,98.95,7.55
82.64,-10.07,9.10,78.29,98.95,7.55
82.73,-4.97,4.79,78.29,98.95,7.55
83.60,-0.13,1.10,78.37,98.95,7.55
85.01,4.26,-1.89,78.46,99.03,7.55
85.80,8.04,-4.09,78.46,99.03,7.62
85.98,10.86,-5.23,78.46,99.03,7.62
85.98,12.70,-5.49,78.55,99.03,7.62
85.98,13.67,-5.41,78.55,99.03,7.55
85.98,13.76,-5.32,78.55,99.03,7.43
86.15,13.41,-5.32,78.55,99.03,7.43
86.51,13.41,-5.32,78.46,99.03,7.43
86.95,13.85,-5.23,78.46,99.03,7.43
87.03,13.93,-5.23,78.46,99.03,7.43
87.12,13.93,-5.23,78.46,99.03,7.43
87.12,13.85,-5.23,78.46,99.03,7.43
87.12,13.85,-5.23,78.46,99.03,7.43
87.12,13.85,-5.23,78.46,99.03,7.43
87.12,13.85,-5.23,78.46,99.03,7.43
87.12,13.58,-5.32,78.37,99.03,7.43
87.12,13.41,-5.32,78.37,98.86,7.49
87.03,13.41,-5.41,78.37,98.77,7.55
87.03,13.41,-5.41,78.37,98.77,7.74
86.95,13.41,-5.41,78.37,98.59,7.86
86.95,13.41,-5.41,78.46,98.59,7.99
86.95,13.41,-5.41,78.55,98.59,9.16
86.95,13.32,-5.41,78.55,98.51,12.20
87.03,13.32,-5.32,78.55,98.51,16.78
87.12,13.32,-5.32,78.55,98.51,22.04
87.21,13.32,-5.32,78.55,98.51,26.69
87.30,13.32,-5.32,78.55,98.51,29.85
87.30,13.41,-5.23,78.55,98.51,30.65
87.30,13.67,-5.23,78.55,98.51,30.65
87.30,13.76,-5.23,78.46,98.51,30.65
87.38,13.85,-5.23,78.37,98.51,30.65
87.82,14.02,-5.23,78.29,98.51,30.65
89.41,14.20,-5.23,78.20,98.51,30.65
90.81,14.99,-5.14,78.29,98.51,30.65
91.16,16.57,-5.14,78.29,98.51,30.65
91.16,18.33,-5.23,78.29,98.51,30.65
91.16,20.26,-5.32,77.85,98.51,30.65
91.34,21.93,-5.32,77.93,98.51,30.65
91.34,22.29,-5.49,78.11,98.51,30.65
91.43,22.37,-5.58,78.20,98.51,30.65
91.43,22.37,-5.49,78.02,98.51,30.65
91.43,22.37,-5.58,77.93,98.51,30.65
91.52,22.37,-5.67,77.85,98.51,30.65
91.52,22.37,-5.67,77.85,98.68,30.65
91.52,22.37,-5.58,77.93,98.68,30.65
91.34,22.37,-5.49,77.93,98.59,30.65
91.16,22.73,-5.41,77.93,98.59,30.71
91.16,22.81,-5.58,77.93,98.59,30.71
91.16,22.81,-5.67,77.85,98.59,30.71
91.16,22.81,-5.67,77.85,98.59,30.71
91.16,22.73,-5.67,78.02,98.59,30.71
91.16,22.73,-5.67,78.02,98.59,30.71
91.16,22.64,-5.67,78.11,98.59,30.71
91.16,22.81,-5.67,77.93,98.59,30.71
91.16,22.81,-5.67,77.93,98.68,30.71
91.16,22.81,-5.67,77.93,98.68,30.71
91.16,22.81,-5.58,78.02,98.68,30.71
91.16,22.81,-5.49,78.02,98.68,30.71
91.16,22.81,-5.49,78.11,98.68,30.71
91.16,22.81,-5.49,78.20,98.68,30.71
91.16,22.81,-5.49,78.20,98.68,30.71
91.16,22.81,-5.49,78.11,98.68,30.71
91.16,22.81,-5.58,77.93,98.68,30.71
91.25,22.81,-5.58,77.93,98.68,30.71
91.34,22.81,-5.67,77.93,98.86,30.65
91.34,22.81,-5.67,77.93,98.86,30.59
91.34,22.81,-5.67,77.85,98.86,30.09
91.34,22.81,-5.76,77.85,98.86,27.80
91.34,22.81,-5.76,77.85,98.95,23.72
91.16,22.81,-5.76,77.85,99.03,18.39
91.08,22.90,-5.76,77.85,99.03,12.45
91.08,22.90,-5.76,77.85,99.03,6.32
91.08,22.90,-5.76,77.85,99.03,1.67
91.08,22.90,-5.76,77.85,99.03,0.99
91.08,22.90,-5.76,77.85,99.03,1.80
91.08,22.90,-5.76,77.85,99.03,2.23
91.08,22.90,-5.76,77.85,99.03,2.29
91.08,22.90,-5.76,77.85,98.95,2.29
91.08,22.90,-5.76,77.85,98.86,2.29
91.08,22.90,-5.76,77.85,98.68,2.29
91.16,22.46,-5.76,77.85,98.59,2.35
91.25,22.37,-5.76,78.29,98.59,2.35
91.34,22.11,-5.76,78.37,98.51,2.35
91.34,20.88,-5.93,78.46,98.51,2.35
91.16,17.63,-5.93,78.37,98.51,2.35
91.16,13.49,-5.93,78.46,98.51,2.35
91.16,8.92,-5.85,78.46,98.51,2.35
91.16,3.65,-5.85,78.46,98.51,2.35
91.25,-1.89,-5.67,78.46,98.51,2.41
91.25,-7.60,-5.58,78.46,98.51,2.41
91.16,-13.49,-5.49,78.46,98.51,2.41
91.16,-19.47,-5.41,78.46,98.51,2.41
91.16,-24.75,-5.41,78.46,98.51,2.41
91.25,-29.76,-5.41,78.46,98.51,2.41
91.25,-35.03,-5.32,78.46,98.51,2.41
91.25,-40.48,-5.23,78.46,98.51,2.41
91.16,-45.85,-5.14,78.46,98.51,2.41
91.16,-50.95,-5.14,78.46,98.51,2.41
91.16,-56.22,-5.14,78.46,98.51,2.41
91.08,-60.79,-5.14,78.46,98.51,2.41
91.08,-65.27,-5.14,78.46,98.51,2.41
91.08,-69.58,-5.14,78.46,98.51,2.41
91.08,-73.19,-5.14,78.46,98.51,2.41
91.08,-76.00,-4.26,78.64,98.51,2.41
91.08,-78.29,-1.01,78.64,98.51,2.41
90.99,-80.22,3.38,78.55,98.51,2.41
90.99,-82.95,7.16,78.37,98.51,2.41
90.99,-85.93,10.24,78.37,98.51,2.41
90.99,-88.40,12.26,78.37,98.51,2.41
90.99,-90.42,13.67,78.46,98.51,2.41
90.99,-91.56,14.81,78.46,98.51,2.41
90.99,-91.65,14.99,78.55,98.51,2.41
90.99,-91.74,14.99,78.64,98.51,2.41
90.99,-91.74,14.99,78.64,98.51,2.41
90.99,-91.74,14.99,78.46,98.59,2.41
91.08,-91.65,14.81,78.46,98.59,2.41
91.08,-91.65,14.81,78.46,98.59,2.41
91.08,-91.82,14.81,78.46,98.59,2.41
90.99,-91.82,14.81,78.46,98.59,2.41
90.99,-91.82,14.81,78.46,98.59,2.41
90.99,-91.91,14.90,78.46,98.59,2.41
90.99,-92.00,14.90,78.46,98.59,2.41
90.99,-92.09,14.90,78.46,98.59,2.41
90.99,-92.09,14.99,78.46,98.59,2.41
90.99,-92.09,15.08,78.46,98.59,2.41
90.99,-92.00,15.08,78.46,98.59,2.41
90.99,-91.82,15.08,78.46,98.59,2.41
90.99,-92.09,15.08,78.46,98.59,2.41
90.90,-92.09,15.08,78.46,98.59,2.41
90.55,-92.18,15.08,78.46,98.59,2.41
88.97,-92.18,14.99,78.46,98.59,2.41
86.33,-92.00,15.08,78.46,98.59,2.41
82.90,-91.65,15.08,78.46,98.59,2.41
78.51,-91.65,15.16,78.46,98.59,2.41
73.85,-91.65,15.16,78.46,98.59,2.41
68.84,-91.65,15.16,78.46,98.59,2.41
63.47,-91.65,15.25,78.46,98.59,2.41
57.93,-91.65,15.25,78.46,98.59,2.41
52.40,-91.74,15.25,78.46,98.59,2.41
47.38,-91.65,15.25,78.46,98.59,2.41
42.46,-92.00,15.25,78.46,98.59,2.41
37.27,-92.18,15.25,78.46,98.59,2.41
31.56,-92.18,15.25,78.46,98.59,2.41
25.23,-92.18,15.25,78.46,98.59,2.41
18.37,-91.91,15.16,78.46,98.59,2.41
11.43,-91.65,15.16,78.46,98.59,2.41
4.40,-91.65,15.16,78.46,98.59,2.41
-2.73,-91.91,15.08,78.46,98.59,2.41
-9.93,-92.09,15.08,78.46,98.59,2.41
-15.91,-92.09,15.08,78.46,98.59,2.41
-20.48,-91.74,15.16,78.46,98.59,2.41
-23.12,-91.65,15.16,78.46,98.59,2.41
-23.56,-91.65,15.25,78.46,98.59,2.41
-23.56,-91.91,15.25,78.46,98.59,2.41
-23.56,-92.00,15.25,78.46,98.59,2.41
-23.56,-92.00,15.25,78.46,98.59,2.41
-23.65,-92.09,15.25,78.46,98.59,2.41
-24.00,-91.65,14.99,78.46,98.59,2.41
-24.00,-91.38,14.55,78.46,98.59,2.41
-24.00,-90.68,14.37,78.46,98.59,2.41
-24.00,-88.84,14.37,78.46,98.59,2.41
-24.00,-85.58,14.29,78.46,98.59,2.41
-24.00,-81.63,13.93,78.46,98.59,2.41
-24.00,-77.76,12.44,78.46,98.59,2.41
-23.91,-73.71,9.98,78.46,98.59,2.41
-23.91,-68.00,6.02,78.46,98.59,2.41
-23.91,-62.20,1.89,78.46,98.59,2.41
-23.91,-56.22,-3.12,78.46,98.59,2.41
-23.91,-50.68,-8.48,78.46,98.59,2.41
-23.91,-45.49,-14.37,78.46,98.59,2.41
-24.00,-40.40,-20.09,78.46,98.59,2.41
-24.00,-35.65,-25.36,78.46,98.59,2.41
-24.00,-31.25,-30.29,78.46,98.59,2.41
-24.00,-27.47,-34.42,78.46,98.59,2.41
-24.00,-24.04,-37.85,78.46,98.59,2.41
-24.00,-20.62,-40.04,78.46,98.59,2.41
-24.09,-17.01,-41.01,78.46,98.59,2.41
-24.09,-13.58,-41.45,78.46,98.59,2.41
-24.09,-10.59,-41.45,78.46,98.59,2.41
-24.09,-8.04,-41.45,78.46,98.59,2.41
-24.09,-6.37,-41.54,78.46,98.59,2.41
-24.18,-5.58,-41.71,78.46,98.59,2.41
-24.18,-5.41,-42.33,78.46,98.59,2.41
-24.18,-4.70,-42.86,78.46,98.59,2.41
-24.18,-3.12,-43.21,78.46,98.59,2.41
-24.18,-1.01,-43.30,78.46,98.59,2.41
-24.18,0.40,-43.30,78.46,98.59,2.41
-24.18,1.19,-43.30,78.46,98.59,2.41
-24.18,1.54,-43.30,78.46,98.59,2.41
-24.18,1.71,-43.30,78.46,98.59,2.41
-24.18,1.89,-43.30,78.46,98.59,2.41
-24.18,2.95,-43.30,78.46,98.59,2.41
-24.18,5.05,-43.30,78.46,98.59,2.41
-24.18,7.34,-43.38,78.46,98.59,2.41
-24.18,9.27,-43.38,78.46,98.59,2.41
-24.18,10.51,-43.38,78.46,98.59,2.41
-24.09,11.38,-43.38,78.46,98.59,2.41
-24.09,12.70,-43.38,78.46,98.59,2.41
-24.09,15.25,-43.38,78.46,98.59,2.41
-24.09,18.42,-43.38,78.46,98.59,2.41
-24.09,21.41,-43.38,78.46,98.59,2.41
-24.09,24.22,-43.47,78.46,98.59,2.41
-24.09,26.51,-43.47,78.37,98.59,2.41
-24.09,28.18,-43.47,78.37,98.59,2.41
-24.09,29.58,-43.47,78.37,98.59,2.41
-24.18,30.73,-43.47,78.37,98.59,2.41
-24.18,31.43,-43.47,78.37,98.59,2.41
-24.18,31.43,-43.47,78.37,98.59,2.41
-24.18,31.52,-43.47,78.37,98.59,2.41
-24.18,31.60,-43.38,78.37,98.59,2.41
-24.18,31.78,-43.38,78.37,98.59,2.41
-24.09,31.87,-43.38,78.37,98.59,2.41
-24.09,32.22,-43.38,78.37,98.59,2.41
-24.09,33.54,-43.38,78.37,98.59,2.41
-24.09,36.00,-43.38,78.37,98.59,2.41
-24.09,38.99,-43.38,78.37,98.59,2.41
-24.00,41.19,-43.47,78.37,98.59,2.41
-24.00,42.68,-43.47,78.37,98.59,2.41
-24.00,43.30,-43.47,78.37,98.59,2.41
-24.00,43.38,-43.47,78.37,98.59,2.41
-24.00,43.38,-43.47,78.11,98.59,2.41
-24.00,43.47,-43.47,77.85,98.59,2.41
-24.00,43.47,-43.47,77.76,98.51,2.41
-24.00,43.47,-43.38,77.67,98.51,2.41
-24.00,43.47,-43.38,77.67,98.51,2.41
-24.00,43.38,-43.38,77.67,98.51,2.41
-24.00,43.38,-43.38,77.67,98.51,2.41
-23.91,43.47,-43.38,77.67,98.51,2.41
-23.91,43.47,-43.38,77.67,98.51,2.41
-23.91,43.47,-43.38,77.67,98.51,2.41
-23.82,43.47,-43.38,77.67,98.51,2.41
-24.00,43.47,-43.30,77.67,98.51,2.41
-24.00,43.47,-43.30,77.67,98.51,2.41
-24.00,43.47,-43.30,77.67,98.51,2.41
-23.91,43.47,-43.30,77.67,98.51,2.41
-23.82,43.47,-43.30,77.67,98.51,2.41
-23.82,43.47,-43.30,77.67,98.51,2.41
-23.91,43.47,-43.30,77.67,98.51,2.41
-24.00,43.47,-43.30,77.67,98.51,2.41
-24.00,43.56,-43.30,77.67,98.51,2.41
-24.00,43.65,-43.30,77.67,98.51,2.41
-24.00,43.65,-43.30,77.67,98.51,2.41
-24.00,43.65,-43.30,77.67,98.51,2.41
-24.00,43.65,-43.30,77.67,98.51,2.41
-24.00,43.65,-43.30,77.67,98.51,2.41
-24.00,43.65,-43.30,77.67,98.42,2.48
-24.00,43.65,-43.30,77.67,98.42,2.54
-24.00,43.56,-43.30,77.67,98.42,2.54
-24.00,43.56,-43.30,77.67,98.42,2.54
-24.00,43.47,-43.30,77.67,98.42,2.66
-24.00,43.47,-43.30,77.67,98.42,3.59
-23.82,43.30,-43.30,77.67,98.42,5.51
-23.74,43.21,-43.30,77.67,98.42,8.48
-23.65,43.30,-43.30,77.58,98.42,11.83
-23.65,43.47,-43.30,77.58,98.42,14.61
-23.56,43.47,-43.30,77.58,98.42,16.78
-23.56,43.56,-43.30,77.32,98.42,18.08
-23.56,43.47,-43.30,76.62,98.42,18.70
-23.65,43.47,-43.30,76.35,98.42,18.82
-23.82,43.47,-43.30,76.35,98.42,18.82
-23.91,43.47,-43.30,76.35,98.42,18.82
-23.91,43.56,-43.30,76.35,98.42,18.82
-23.74,43.56,-43.21,76.35,98.42,18.82
-23.74,43.65,-43.21,76.35,98.42,18.82
-23.74,43.65,-43.21,76.35,98.42,18.82
-23.74,43.65,-43.21,76.35,98.42,18.82
-23.74,43.56,-43.21,76.35,98.42,18.82
-23.74,43.38,-43.21,76.35,98.42,18.82
-23.65,43.03,-43.21,76.62,98.42,18.82
-23.65,42.42,-43.30,76.88,98.42,18.82
-23.65,39.25,-43.38,77.05,98.51,18.82
-23.65,32.84,-43.12,77.23,98.51,18.82
-23.65,25.89,-42.95,77.76,98.51,18.82
-23.65,20.18,-42.86,78.02,98.59,18.82
-23.65,14.90,-42.77,78.11,98.68,18.82
-23.65,10.59,-42.77,78.73,98.68,18.82
-23.56,6.11,-42.86,79.78,98.77,18.82
-23.56,1.36,-42.86,81.10,98.77,18.82
-23.56,-3.30,-42.77,82.95,98.77,18.82
-23.56,-7.69,-42.77,84.97,98.77,18.82
-23.47,-12.18,-42.77,86.81,98.77,18.82
-23.47,-16.75,-42.77,88.13,98.77,18.82
-23.47,-20.18,-42.77,88.31,98.86,18.82
-23.47,-22.64,-42.86,88.04,98.86,18.82
-23.47,-24.48,-42.86,88.31,98.86,18.82
-23.47,-25.89,-42.86,88.48,98.77,18.82
-23.47,-28.35,-42.86,88.57,98.68,18.82
-23.47,-32.57,-42.77,88.57,98.68,18.82
-23.47,-36.62,-42.77,88.57,98.77,18.82
-22.95,-39.87,-42.86,88.40,98.95,18.82
-20.66,-41.71,-42.86,88.40,98.95,18.82
-15.56,-42.33,-42.77,88.48,99.03,18.82
-6.86,-42.33,-42.77,88.48,99.03,18.82
4.31,-42.68,-42.77,88.48,99.03,18.82
16.18,-42.68,-42.77,88.48,99.03,18.82
27.78,-42.77,-42.77,88.48,98.95,18.82
38.24,-42.86,-42.77,88.57,98.95,18.82
47.38,-42.95,-42.77,88.57,98.95,18.82
55.21,-42.95,-42.77,88.57,98.86,18.82
61.36,-43.03,-42.86,88.57,98.77,18.82
65.93,-43.30,-42.86,88.57,98.77,18.82
67.96,-44.70,-42.77,88.57,98.68,18.82
68.13,-46.46,-42.59,88.57,98.68,18.82
68.04,-47.69,-41.63,88.57,98.59,18.82
68.04,-48.66,-39.08,88.48,98.59,18.82
68.04,-50.07,-35.03,88.40,98.59,18.82
68.04,-51.91,-29.93,88.31,98.59,18.82
68.04,-53.76,-23.43,87.96,98.59,18.82
68.13,-55.60,-15.69,87.96,98.59,18.82
68.22,-58.24,-6.55,87.96,98.59,18.82
68.31,-61.76,3.12,87.87,98.68,18.82
68.31,-66.07,13.67,87.87,98.86,18.82
68.40,-71.08,24.40,87.78,98.86,18.82
68.40,-76.62,35.56,87.78,98.95,18.82
68.48,-82.15,46.99,87.69,98.95,18.82
68.57,-87.60,57.80,87.69,99.03,18.82
68.66,-92.97,67.38,87.69,99.03,18.82
69.54,-98.59,76.09,87.69,99.03,18.82
70.95,-104.40,84.44,87.69,99.03,18.82
72.35,-108.70,90.77,87.69,98.51,18.82
73.14,-109.05,91.74,87.52,98.42,18.82
73.49,-107.82,89.54,86.99,98.42,18.82
73.58,-107.38,87.69,86.99,98.42,18.82
73.58,-107.30,87.16,86.99,98.42,18.82
73.58,-107.30,87.16,86.99,98.42,18.82
73.58,-107.30,87.16,86.99,98.42,18.64
73.58,-107.30,87.16,86.90,98.51,18.33
73.58,-107.30,87.16,87.08,98.51,16.78
73.58,-107.30,87.16,87.08,98.51,11.83
73.58,-107.30,87.16,86.99,98.42,4.09
73.58,-107.30,87.16,86.99,98.33,0.00
73.58,-107.30,87.16,86.99,98.33,1.36
73.58,-107.30,87.16,86.99,98.33,3.84
73.58,-107.30,87.16,86.99,98.33,4.77
73.58,-107.30,87.16,86.99,98.33,4.77
73.58,-107.30,87.16,86.99,98.33,4.77
73.58,-107.30,87.16,86.99,98.33,4.77
73.49,-107.30,87.16,86.99,98.33,4.89
