shoulder_pan,shoulder_lift,elbow_flex,wrist_flex,wrist_roll,gripper
85.45,-107.56,95.69,79.87,70.99,3.59
85.45,-107.56,95.69,79.87,70.99,3.59
85.54,-107.56,95.69,79.87,70.99,3.59
85.54,-107.47,95.69,79.87,70.99,3.59
85.54,-107.47,95.69,79.87,70.99,3.59
85.54,-107.47,95.69,79.87,70.99,3.59
85.54,-107.56,95.69,79.87,70.99,3.59
85.54,-107.56,95.69,79.87,70.99,3.59
85.45,-107.56,95.69,79.87,70.99,3.59
85.45,-107.56,95.69,79.87,70.99,3.59
85.45,-107.56,95.69,79.87,70.90,3.59
85.45,-107.56,95.43,79.87,70.81,3.34
85.54,-107.56,95.08,79.87,70.90,3.34
85.54,-107.03,93.85,79.87,70.99,3.28
85.54,-104.57,90.15,79.87,70.99,3.28
85.54,-99.21,85.49,79.96,70.90,3.28
85.54,-91.56,79.52,80.04,70.90,3.28
85.54,-82.95,72.40,80.31,70.81,3.28
85.54,-73.71,64.66,80.31,70.73,3.28
85.54,-65.54,57.01,80.31,70.73,3.28
85.63,-57.89,49.80,80.40,70.73,3.28
85.63,-50.86,43.30,80.40,70.73,3.28
85.63,-44.79,37.49,80.40,70.73,3.28
85.63,-39.08,32.66,80.48,70.73,3.28
85.63,-34.33,29.14,80.48,70.73,3.28
85.63,-30.55,27.38,80.48,70.73,3.28
85.63,-27.82,26.86,80.40,70.73,3.28
85.63,-26.33,26.86,80.40,70.73,3.41
85.63,-26.07,27.03,80.31,70.73,3.47
85.54,-26.15,27.30,80.40,70.73,3.53
85.36,-26.33,27.21,80.40,70.64,3.53
85.19,-26.68,27.03,80.40,70.64,3.53
84.31,-27.82,26.95,80.04,70.64,3.53
81.67,-28.79,27.30,80.31,70.64,3.53
77.45,-29.14,27.47,80.40,70.64,3.53
72.09,-29.23,27.47,80.40,70.64,3.53
65.32,-29.23,27.38,80.40,70.64,3.53
58.20,-29.23,27.38,80.40,70.64,3.53
50.99,-29.23,27.38,80.40,70.64,3.53
43.87,-29.32,27.38,80.40,70.64,3.53
35.96,-29.32,27.38,80.40,70.64,3.53
27.60,-29.32,27.30,80.40,70.64,3.53
18.64,-29.23,27.21,80.40,70.64,3.53
8.62,-29.14,27.21,80.31,70.64,3.53
-2.11,-29.05,27.21,80.04,70.64,3.53
-13.36,-29.05,27.21,80.13,70.64,3.53
-24.53,-29.05,27.21,79.96,70.64,3.53
-35.08,-29.14,27.21,79.96,70.64,3.53
-45.19,-29.14,27.12,79.96,70.64,3.53
-53.98,-29.14,27.12,80.22,70.90,3.53
-60.92,-29.05,27.21,80.40,70.73,3.53
-65.93,-29.05,27.30,80.04,70.64,3.53
-69.63,-29.05,27.38,79.96,70.64,3.53
-74.90,-29.05,27.38,79.87,70.73,3.53
-81.14,-28.88,27.21,79.87,70.99,3.53
-88.00,-28.79,27.21,79.78,70.99,3.53
-94.86,-28.62,27.21,79.78,70.99,3.53
-100.57,-28.53,27.30,79.78,70.99,3.53
-104.88,-28.53,27.30,79.78,71.08,3.53
-107.25,-28.62,27.38,79.78,71.08,3.53
-107.25,-28.62,27.38,79.78,71.08,3.53
-107.25,-28.62,27.38,79.78,70.99,3.53
-107.60,-28.62,27.38,79.78,70.90,3.53
-107.69,-28.62,27.74,79.78,70.99,3.53
-107.78,-28.53,27.65,79.78,70.99,3.53
-107.60,-28.53,27.56,79.78,70.99,3.53
-107.43,-28.53,27.47,79.78,71.08,3.53
-107.25,-28.44,27.47,79.69,71.16,3.59
-107.16,-28.18,27.38,79.08,71.25,3.59
-107.16,-27.30,27.38,77.32,71.34,3.59
-107.25,-25.63,27.47,75.56,71.87,3.72
-107.25,-22.64,27.47,73.89,73.80,3.72
-107.08,-18.59,27.30,72.40,76.97,4.02
-107.08,-15.25,27.30,71.96,81.10,5.26
-106.99,-12.88,27.30,71.60,85.23,7.37
-106.99,-11.74,27.21,71.43,88.66,10.28
-106.64,-11.47,26.33,71.34,90.59,13.75
-104.79,-11.38,24.48,71.43,91.21,17.77
-102.15,-11.30,23.34,71.43,91.21,21.73
-100.13,-11.03,23.16,71.34,91.56,25.45
-99.25,-10.15,22.99,71.34,91.56,28.85
-99.08,-8.31,22.81,71.34,91.65,31.58
-98.99,-6.46,22.81,71.34,91.65,33.25
-98.46,-4.97,22.81,71.25,91.38,33.81
-97.41,-3.47,22.64,70.81,91.47,33.99
-96.62,-2.42,22.64,69.41,91.47,34.06
-96.44,-1.80,22.64,67.56,91.47,34.06
-96.44,-1.36,22.81,65.71,91.56,34.06
-96.44,-1.19,22.99,64.40,91.56,34.06
-96.53,-1.19,23.08,64.04,91.56,34.06
-96.53,-1.19,23.08,64.04,91.56,34.06
-96.53,-1.19,23.08,64.04,91.56,34.06
-96.44,-1.19,23.08,64.13,91.56,33.99
-96.35,-1.19,23.16,64.13,91.56,33.87
-96.35,-1.19,23.16,64.13,91.56,33.87
-96.35,-1.19,23.16,64.13,91.56,33.87
-96.35,-1.19,23.16,64.04,91.56,33.87
-96.35,-1.10,23.08,64.04,91.56,33.81
-96.35,-1.10,23.16,64.04,91.56,33.81
-96.35,-1.10,23.16,64.04,91.56,33.81
-96.35,-1.10,23.16,64.04,91.56,33.81
-96.35,-1.10,23.16,64.04,91.56,33.81
-96.35,-1.10,23.08,64.04,91.56,33.81
-96.35,-1.10,23.08,64.04,91.56,33.81
-96.35,-1.10,23.16,64.04,91.56,33.81
-96.35,-1.10,23.16,64.04,91.56,33.81
-96.35,-1.10,23.16,64.04,91.56,33.81
-96.35,-1.10,23.08,64.04,91.56,33.81
-96.35,-1.10,22.99,64.04,91.56,33.81
-96.35,-1.10,22.99,64.04,91.56,33.81
-96.35,-1.10,22.99,64.04,91.56,33.75
-96.35,-1.10,22.99,64.04,91.38,33.68
-96.35,-1.10,22.99,64.04,91.30,33.56
-96.35,-1.10,22.99,64.04,91.21,32.32
-96.35,-1.10,22.99,64.04,91.21,29.54
-96.35,-1.10,22.99,64.04,91.21,25.08
-96.44,-1.10,22.99,64.04,91.21,19.38
-96.53,-1.10,22.99,64.04,91.21,12.88
-96.79,-1.10,22.99,64.04,91.38,5.33
-96.88,-1.10,22.90,64.04,91.38,1.05
-96.88,-1.10,22.90,64.04,91.38,1.36
-96.79,-1.10,22.90,64.04,91.21,2.41
-96.70,-1.10,22.99,64.04,91.21,2.72
-96.62,-1.10,22.99,64.04,91.21,2.72
-96.62,-1.10,22.99,64.04,91.21,2.72
-96.62,-1.10,22.99,64.04,91.12,2.72
-96.62,-1.10,22.99,64.04,91.12,2.72
-96.62,-1.10,22.99,64.04,91.12,2.72
-96.62,-1.10,22.99,64.04,91.12,2.72
-96.62,-1.10,22.90,64.04,91.12,2.72
-96.62,-1.19,22.81,64.40,91.12,2.72
-96.70,-1.80,22.73,64.40,91.12,2.72
-96.53,-2.42,22.46,64.48,91.38,2.72
-96.53,-4.97,21.23,64.31,91.56,2.72
-96.53,-8.92,19.30,64.57,91.56,2.72
-96.53,-13.41,17.63,64.66,91.56,2.72
-96.53,-19.30,16.31,64.66,91.65,2.72
-96.44,-25.89,15.43,64.66,91.65,2.72
-96.44,-32.75,15.08,64.66,91.65,2.72
-96.35,-40.40,15.08,64.66,91.65,2.72
-96.35,-47.60,15.08,64.66,91.65,2.72
-96.35,-54.90,15.25,64.66,91.65,2.72
-96.35,-62.46,15.60,64.75,91.65,2.72
-96.44,-68.97,16.75,65.36,91.65,2.72
-96.53,-74.59,18.95,66.59,91.65,2.72
-96.53,-79.69,21.32,67.91,91.56,2.79
-96.53,-83.38,23.43,68.44,91.38,2.79
-96.62,-85.93,25.27,68.53,91.30,2.85
-96.79,-87.34,26.51,68.53,91.21,2.97
-96.79,-88.22,27.47,68.53,91.21,3.03
-96.79,-88.31,28.00,68.53,91.21,3.03
-96.88,-88.31,28.18,68.53,91.21,3.03
-96.88,-88.31,28.18,68.26,91.21,3.03
-96.79,-88.40,28.18,68.18,91.21,3.03
-96.70,-88.57,28.18,68.18,91.21,3.03
-96.62,-88.57,28.18,68.09,91.21,3.03
-96.53,-88.48,28.26,68.09,91.21,3.03
-96.53,-88.48,28.26,68.09,91.21,3.03
-96.44,-88.57,28.26,68.09,91.21,3.03
-96.44,-88.66,28.18,68.09,91.30,3.03
-96.35,-88.92,28.18,68.09,91.30,2.97
-95.47,-89.19,28.09,68.09,91.30,2.91
-91.87,-88.92,28.00,68.00,91.30,2.91
-85.19,-88.66,28.00,68.00,91.30,2.91
-75.96,-88.66,28.00,68.00,91.21,2.91
-65.14,-88.48,28.00,68.00,91.21,2.91
-54.24,-88.40,28.00,68.00,91.21,3.03
-43.60,-88.40,28.09,68.09,91.21,3.03
-34.02,-88.40,28.09,68.35,91.21,3.10
-25.14,-88.40,28.00,68.53,91.21,3.10
-17.58,-88.84,28.00,68.53,91.21,3.10
-11.25,-88.92,28.00,68.53,91.21,3.10
-6.51,-89.01,28.00,68.53,91.21,3.10
-3.25,-89.01,27.82,68.53,91.21,3.10
-2.37,-89.01,27.82,68.53,91.21,3.10
-2.46,-88.57,27.82,68.53,91.21,3.10
-2.46,-88.13,27.82,68.53,91.21,3.10
-2.29,-86.29,28.18,68.53,91.21,3.10
-2.29,-81.36,28.26,68.53,91.21,3.10
-2.37,-72.92,27.82,68.53,91.30,3.10
-2.46,-64.04,25.71,68.44,91.47,3.10
-2.55,-55.87,21.14,68.53,91.47,3.10
-2.55,-48.40,13.76,68.53,91.47,3.10
-2.55,-40.57,4.53,68.53,91.47,3.10
-2.55,-31.87,-5.32,68.18,91.47,3.10
-2.46,-22.46,-15.16,68.18,91.47,3.10
-2.46,-12.44,-24.22,68.35,91.47,3.10
-2.46,-2.07,-32.48,68.18,91.38,3.10
-2.46,7.78,-40.31,68.09,91.21,3.10
-2.46,16.75,-47.87,68.00,91.12,3.10
-2.46,24.92,-54.81,68.00,90.95,3.10
-2.46,32.04,-60.70,68.18,90.68,3.10
-2.46,38.20,-65.54,68.44,90.68,3.10
-2.46,43.38,-68.70,68.62,90.68,3.10
-2.46,47.34,-70.20,68.62,90.68,3.10
-2.46,50.42,-70.29,68.53,90.59,3.10
-2.46,52.09,-70.29,68.62,90.59,3.10
-2.46,52.88,-70.20,68.62,90.59,3.10
-2.46,53.14,-70.20,68.70,90.59,3.10
-2.29,53.23,-70.20,68.70,90.59,3.10
-2.20,53.32,-70.20,68.70,90.59,3.10
-2.20,53.49,-70.11,69.32,90.59,3.10
-2.37,53.58,-70.11,71.08,90.59,3.10
-2.37,53.58,-70.11,73.45,90.59,3.10
-2.37,53.58,-70.11,75.65,90.59,3.10
-2.37,53.67,-70.11,76.35,90.68,3.10
-2.37,53.76,-70.11,76.70,90.68,3.10
-2.37,54.02,-70.02,76.79,90.68,3.10
-2.37,55.25,-70.11,76.79,90.77,3.10
-2.37,56.75,-70.37,76.44,90.77,3.10
-2.37,57.71,-70.46,76.35,90.77,3.10
-2.37,57.89,-70.55,76.26,90.77,3.10
-2.37,57.54,-70.55,76.26,90.77,3.10
-2.37,57.45,-70.55,76.26,90.77,3.10
-2.37,57.45,-70.64,76.26,90.77,3.10
-2.37,57.45,-70.64,76.26,90.77,3.10
-2.37,57.45,-70.64,76.18,90.77,3.10
-2.37,57.63,-70.64,76.18,90.77,3.10
-2.37,57.80,-70.64,76.18,90.86,3.16
-2.46,57.80,-70.64,76.18,90.86,3.22
-2.46,57.63,-70.64,76.18,91.12,3.41
-2.46,57.45,-70.64,76.18,91.21,4.33
-2.37,57.45,-70.64,76.18,91.21,6.56
-2.29,57.45,-70.64,76.18,91.21,10.09
-2.20,57.45,-70.64,76.18,90.86,14.61
-2.02,57.54,-70.73,76.09,90.77,19.44
-2.02,57.54,-70.73,76.09,90.77,23.96
-2.02,57.54,-70.73,76.09,90.77,27.74
-1.93,57.54,-70.73,76.09,90.77,30.96
-1.93,57.63,-70.73,76.00,90.77,33.19
-1.93,57.63,-70.73,75.82,90.77,34.67
-1.93,57.63,-70.73,75.38,90.86,35.48
-1.93,57.63,-70.73,75.12,90.86,35.60
-1.93,57.80,-70.73,74.95,90.86,35.60
-2.11,57.89,-70.73,74.95,90.86,35.60
-2.20,57.89,-70.73,74.95,90.86,35.60
-2.20,57.89,-70.73,74.95,90.86,35.60
-2.20,57.89,-70.73,74.95,90.86,35.60
-2.20,57.89,-70.73,74.95,90.86,35.60
-2.11,57.89,-70.73,74.86,90.86,35.60
-2.02,57.89,-70.73,74.86,90.86,35.60
-2.02,57.89,-70.73,74.86,90.86,35.60
-2.11,57.63,-70.73,74.95,90.86,35.60
-2.20,57.54,-70.73,75.30,90.86,35.60
-2.02,57.27,-70.73,75.56,90.95,35.60
-2.02,56.04,-70.90,75.56,91.03,35.60
-1.93,51.65,-70.81,75.82,90.95,35.60
-1.93,45.23,-70.64,76.97,90.86,35.60
-1.93,38.20,-70.46,79.87,91.12,35.60
-2.11,31.34,-70.29,83.82,91.12,35.60
-2.20,25.54,-70.20,89.01,91.12,35.60
-2.29,20.35,-70.20,95.69,91.12,35.60
-2.29,15.43,-70.37,102.73,91.12,35.60
-1.93,9.89,-70.02,106.51,90.95,35.60
-1.93,2.51,-69.76,105.80,91.12,35.60
-1.93,-3.82,-68.88,105.36,91.12,35.60
-1.93,-9.80,-67.65,105.36,91.12,35.60
-1.93,-15.60,-66.07,105.36,91.12,35.60
-1.93,-21.93,-63.78,105.36,91.12,35.60
-1.93,-28.44,-60.35,105.36,91.12,35.60
-1.93,-35.12,-55.25,105.36,91.12,35.60
-1.93,-41.98,-48.13,105.27,91.12,35.60
-1.93,-49.19,-39.43,105.27,91.12,35.60
-1.93,-57.10,-29.05,105.27,91.12,35.60
-1.93,-64.75,-17.89,105.19,91.03,35.60
-1.93,-71.87,-6.73,105.10,90.86,35.60
-1.93,-78.37,2.77,105.01,90.77,35.60
-1.93,-84.09,10.42,104.84,90.86,35.60
-1.93,-88.40,14.29,103.60,90.95,35.60
-1.93,-92.00,15.78,101.32,90.95,35.48
-1.93,-94.29,15.96,98.86,91.21,35.36
-1.93,-95.60,15.96,96.84,91.21,35.17
-1.85,-96.04,16.04,95.60,91.21,34.80
-1.85,-96.04,16.13,95.25,91.21,33.00
-1.85,-96.13,16.22,95.25,91.21,29.16
-1.93,-96.31,16.22,95.34,91.21,23.03
-1.93,-96.31,16.04,95.34,91.21,14.67
-2.20,-96.31,16.04,95.34,91.21,5.14
-1.93,-96.31,15.96,95.34,91.21,0.00
-1.85,-96.40,15.87,95.25,91.21,1.92
-1.85,-96.48,15.87,95.25,90.77,4.89
-1.85,-96.48,16.22,95.34,90.68,5.88
-1.58,-96.22,16.31,95.69,90.68,6.13
0.18,-95.87,16.31,95.69,90.77,6.19
5.01,-95.87,16.40,95.69,90.77,6.19
12.92,-95.78,16.57,95.78,90.77,6.19
23.21,-95.78,16.57,95.78,90.77,6.19
33.93,-95.78,16.57,95.78,90.68,6.25
44.31,-96.13,16.57,95.69,90.68,6.25
53.98,-96.13,16.57,95.78,90.68,6.25
61.89,-95.78,16.66,95.87,90.68,6.25
69.10,-95.69,17.01,95.87,90.68,6.25
75.16,-96.31,18.33,95.43,91.03,6.25
79.82,-96.40,18.95,95.25,91.03,6.25
83.08,-96.66,19.47,95.34,91.21,6.25
85.01,-96.22,19.82,95.60,91.21,6.25
85.80,-96.04,20.88,95.34,91.21,6.25
86.07,-95.60,23.08,95.34,91.21,6.25
86.15,-94.73,27.65,95.25,91.21,6.25
86.15,-93.85,34.15,95.16,91.21,6.25
86.07,-93.85,41.80,94.81,91.21,6.25
85.80,-94.29,49.01,93.23,91.21,6.25
85.80,-95.78,56.04,90.59,91.21,6.25
85.98,-98.42,63.16,87.16,91.21,6.25
86.07,-101.14,70.73,84.18,91.21,6.25
86.07,-103.87,78.90,81.71,91.21,6.25
85.98,-105.89,87.16,79.52,91.21,6.25
85.89,-107.21,95.60,77.67,91.21,6.25
86.07,-107.38,100.97,77.93,91.21,6.25
86.07,-107.38,99.03,77.93,91.21,6.25
86.07,-107.38,96.22,78.02,91.21,6.25
86.07,-107.38,95.43,78.02,91.21,6.25
86.07,-107.38,95.69,78.02,91.21,6.25
86.07,-107.38,95.69,78.02,91.21,6.25
86.07,-107.38,95.69,78.02,91.21,6.25
86.07,-107.38,95.69,78.02,91.21,6.25
86.07,-107.38,95.69,78.02,91.21,6.25
86.07,-107.38,95.69,78.02,91.21,6.25
86.07,-107.38,95.69,78.02,91.21,6.25
86.07,-107.38,95.69,78.02,91.21,6.25
