shoulder_pan,shoulder_lift,elbow_flex,wrist_flex,wrist_roll,gripper
86.59,-105.89,97.36,80.57,98.51,2.91
86.59,-105.89,97.36,80.57,98.51,2.91
86.59,-105.89,97.36,80.57,98.51,2.91
86.59,-105.89,97.36,80.57,98.51,2.91
86.51,-105.89,97.36,80.57,98.51,2.91
86.51,-105.89,97.36,80.48,98.51,2.91
86.51,-105.63,97.27,80.92,98.59,2.91
86.42,-105.10,96.84,80.92,98.59,2.91
86.33,-103.78,94.46,80.92,98.59,2.91
86.33,-100.62,90.07,80.92,98.59,2.91
86.33,-95.69,84.70,81.01,98.59,2.91
86.33,-89.10,78.11,81.01,98.59,2.91
86.33,-81.27,71.52,81.01,98.59,2.91
86.33,-72.57,64.48,81.01,98.59,2.91
86.33,-63.96,57.27,81.01,98.59,2.91
86.24,-55.16,49.80,81.01,98.59,2.91
86.24,-46.73,42.59,81.01,98.59,2.91
86.24,-39.16,35.65,81.01,98.59,2.91
86.24,-31.87,28.79,81.01,98.59,2.91
86.24,-25.36,22.64,81.01,98.59,2.91
86.24,-18.86,16.84,81.01,98.59,2.91
86.24,-13.05,11.91,81.10,98.59,2.91
86.42,-7.69,7.60,81.10,98.59,2.91
86.42,-2.86,4.18,81.10,98.59,2.91
86.51,1.54,1.45,81.10,98.59,2.91
86.51,5.32,-0.48,81.10,98.68,2.91
86.51,8.75,-1.63,81.01,98.86,2.91
86.51,11.74,-2.24,80.92,98.95,2.91
86.51,14.02,-2.59,80.92,98.95,2.91
86.42,15.16,-2.77,80.92,98.95,2.91
86.42,15.25,-2.77,80.92,98.95,2.91
86.51,15.25,-2.77,80.92,98.95,2.91
86.51,15.25,-2.77,80.92,98.95,2.91
86.51,15.25,-2.77,80.92,98.95,2.91
86.33,15.43,-2.68,80.92,98.86,2.91
86.33,15.25,-2.68,80.48,98.95,2.91
86.33,15.25,-2.68,80.48,98.95,2.91
86.51,15.25,-2.68,80.40,98.95,2.91
86.59,15.43,-2.68,80.40,98.68,2.91
86.59,15.69,-2.68,80.31,98.68,2.91
86.59,15.69,-2.68,80.31,98.77,2.91
86.59,15.69,-2.68,80.31,98.77,2.91
86.59,15.69,-2.68,80.31,98.77,2.97
86.59,15.69,-2.68,80.31,98.86,3.28
86.59,15.34,-2.68,80.57,98.86,4.33
86.59,15.25,-2.68,80.84,98.86,6.38
86.68,15.25,-2.68,80.84,98.77,9.29
86.68,15.60,-2.68,80.57,98.68,12.76
86.68,15.69,-2.68,80.48,98.68,16.22
86.77,15.78,-2.68,80.48,98.77,19.26
86.77,15.52,-2.59,80.57,98.86,21.42
86.77,15.34,-2.59,80.48,98.86,22.60
86.77,15.78,-2.59,80.40,98.86,22.91
86.77,15.87,-2.59,80.31,98.77,22.91
86.77,16.04,-2.59,80.31,98.68,22.91
86.77,16.04,-2.59,80.22,98.68,22.91
86.77,16.04,-2.59,80.22,98.86,22.91
86.86,16.13,-2.42,80.22,98.86,22.91
86.86,16.13,-2.33,80.22,98.86,22.91
86.86,16.13,-2.33,80.22,98.86,22.91
86.95,16.13,-2.42,80.22,98.86,22.91
87.82,16.22,-2.42,80.13,98.86,22.91
88.79,17.45,-2.33,79.43,98.86,22.91
88.97,19.30,-2.42,78.55,98.86,22.91
89.05,21.32,-2.51,78.02,98.86,22.91
89.05,22.55,-2.59,77.93,98.86,22.91
89.14,22.73,-2.59,77.93,98.86,22.91
89.14,22.73,-2.59,78.20,98.86,22.91
89.14,23.08,-2.59,78.02,98.68,22.91
89.14,23.16,-2.59,78.02,98.59,22.91
89.14,23.08,-2.59,78.11,98.59,22.91
89.14,23.08,-2.59,78.20,98.59,22.91
89.14,23.16,-2.59,78.20,98.59,22.91
89.14,23.16,-2.59,78.02,98.59,22.91
89.14,23.16,-2.59,78.02,98.59,22.91
89.14,23.16,-2.59,78.02,98.59,22.91
89.14,23.08,-2.59,78.02,98.59,22.91
89.14,22.99,-2.59,78.11,98.59,22.91
89.14,22.81,-2.59,78.20,98.59,22.91
89.05,22.73,-2.59,78.29,98.59,22.91
89.05,22.73,-2.59,78.29,98.59,22.91
89.05,22.73,-2.59,78.02,98.59,22.91
88.97,22.90,-2.59,78.02,98.59,22.91
88.88,22.99,-2.59,78.02,98.59,22.85
88.88,23.08,-2.59,78.02,98.59,22.79
88.88,23.08,-2.59,78.02,98.59,22.48
88.88,23.16,-2.59,78.02,98.51,21.55
88.88,23.16,-2.68,77.93,98.51,19.63
88.88,23.16,-2.68,77.93,98.42,16.47
88.88,23.08,-2.68,78.11,98.42,11.89
88.88,23.16,-2.68,78.29,98.42,6.50
88.79,23.16,-2.68,78.29,98.42,1.92
88.79,23.16,-2.68,78.11,98.42,1.11
88.79,23.16,-2.68,78.02,98.42,1.86
88.79,23.16,-2.68,78.02,98.42,2.23
88.79,23.16,-2.68,78.02,98.42,2.29
88.79,23.16,-2.68,77.93,98.42,2.29
88.79,23.16,-2.68,77.93,98.42,2.29
88.79,23.16,-2.59,77.93,98.42,2.29
88.79,23.16,-2.59,77.93,98.42,2.29
88.79,23.08,-2.59,77.93,98.42,2.29
88.79,22.90,-2.59,77.93,98.42,2.29
88.79,22.81,-2.59,77.93,98.42,2.29
88.79,22.73,-2.59,77.93,98.42,2.29
88.79,22.73,-2.59,78.11,98.42,2.29
88.79,22.37,-2.68,78.46,98.42,2.29
88.79,20.88,-2.77,78.46,98.42,2.29
88.79,17.89,-2.77,78.46,98.42,2.29
88.79,14.37,-2.59,78.46,98.42,2.29
88.79,10.24,-2.33,78.55,98.42,2.29
88.79,6.11,-2.15,78.55,98.77,2.29
88.79,2.68,-1.98,78.64,98.86,2.29
88.79,0.31,-1.98,78.64,98.86,2.35
88.79,-1.27,-1.98,78.64,98.95,2.35
88.79,-2.24,-1.98,78.73,98.95,2.35
88.79,-2.33,-1.98,78.73,98.95,2.35
88.70,-2.33,-1.98,78.73,98.95,2.35
88.70,-2.33,-1.98,78.73,98.95,2.35
88.70,-2.33,-1.98,78.73,98.95,2.35
88.70,-2.33,-1.98,78.73,98.95,2.35
88.70,-2.33,-1.98,78.73,98.95,2.35
88.70,-2.33,-1.98,78.73,98.95,2.35
88.70,-2.33,-1.98,78.73,98.95,2.35
88.70,-2.33,-1.98,78.73,98.95,2.35
88.62,-2.33,-1.98,78.73,98.95,2.35
88.62,-2.33,-1.98,78.73,98.95,2.35
88.62,-2.33,-1.98,78.73,98.95,2.35
88.62,-2.33,-1.98,78.73,98.95,2.35
88.62,-2.33,-1.98,78.73,98.95,2.35
88.62,-2.33,-1.98,78.73,98.95,2.35
88.62,-2.86,-1.98,78.99,98.95,2.35
88.62,-4.35,-1.98,80.48,98.95,2.35
88.62,-6.64,-2.07,82.51,98.95,2.35
88.62,-10.42,-2.15,84.70,99.03,2.35
88.62,-15.87,-2.24,86.37,99.03,2.35
88.62,-21.85,-2.24,87.08,99.03,2.35
88.62,-28.00,-2.07,87.25,99.03,2.35
88.62,-33.80,-2.07,87.25,99.03,2.35
88.62,-38.64,-1.98,87.25,99.03,2.35
88.62,-42.86,-1.98,87.25,99.03,2.35
88.62,-46.20,-1.98,87.25,99.03,2.35
88.53,-49.45,-1.98,87.25,98.86,2.35
88.53,-52.97,-1.98,87.25,98.68,2.35
88.53,-56.57,-1.98,87.25,98.59,2.35
88.53,-60.44,-1.98,87.25,98.59,2.35
88.53,-63.96,-1.98,87.25,98.59,2.35
88.53,-67.30,-1.98,87.25,98.59,2.35
88.53,-70.37,-2.07,87.25,98.59,2.35
88.53,-73.45,-2.07,87.25,98.59,2.35
88.70,-75.82,-1.98,87.25,98.51,2.35
88.70,-77.23,-1.98,87.08,98.51,2.35
88.88,-78.20,-1.98,87.16,98.68,2.35
88.79,-78.99,-2.24,87.16,98.68,2.35
88.79,-80.75,-2.24,87.16,98.68,2.35
88.79,-83.12,-1.98,87.25,98.68,2.35
88.79,-84.62,-1.98,87.25,98.68,2.35
88.79,-85.41,-1.98,87.25,98.68,2.35
88.79,-85.67,-1.98,87.25,98.68,2.35
88.79,-85.85,-1.98,87.34,98.68,2.35
88.79,-85.67,-1.98,87.34,98.68,2.35
88.79,-85.49,-1.98,87.34,98.68,2.35
88.79,-85.41,-1.98,87.34,98.68,2.35
88.79,-85.23,-1.98,87.34,98.68,2.35
88.79,-85.14,-1.98,87.34,98.68,2.35
88.79,-85.14,-1.98,87.34,98.68,2.35
88.79,-85.23,-1.98,87.34,98.68,2.35
88.79,-85.23,-1.98,87.34,98.68,2.35
88.70,-85.23,-1.98,87.34,98.68,2.35
88.62,-85.23,-1.98,87.34,98.68,2.35
88.53,-85.23,-1.98,87.34,98.68,2.35
88.44,-85.23,-1.98,87.34,98.68,2.35
87.03,-85.23,-1.98,87.34,98.68,2.35
83.69,-85.23,-1.98,87.34,98.68,2.35
79.65,-85.23,-1.89,87.34,98.68,2.35
76.04,-85.23,-1.89,87.34,98.68,2.35
73.23,-85.23,-1.89,87.34,98.68,2.35
70.68,-85.23,-1.89,87.34,98.77,2.35
68.22,-85.32,-1.98,87.34,98.77,2.35
65.32,-85.32,-2.07,87.34,98.77,2.35
61.63,-85.32,-2.07,87.34,98.77,2.35
57.58,-85.32,-2.07,87.25,98.86,2.35
53.10,-85.32,-2.07,87.25,98.86,2.35
48.53,-85.32,-2.07,87.25,98.95,2.35
44.13,-85.32,-2.07,87.25,98.95,2.35
39.82,-85.32,-2.07,87.16,98.95,2.35
35.34,-85.32,-2.07,87.08,98.95,2.35
30.59,-85.41,-2.15,87.08,98.95,2.35
25.85,-85.58,-2.24,86.99,98.95,2.35
20.92,-85.58,-2.33,86.99,98.95,2.35
16.35,-85.67,-2.33,86.99,98.68,2.35
11.87,-85.85,-2.33,87.08,98.68,2.35
8.09,-85.85,-2.33,87.08,98.68,2.35
5.10,-85.93,-2.33,87.08,98.68,2.35
2.99,-85.93,-2.33,87.08,98.68,2.35
1.93,-85.93,-2.24,87.08,98.77,2.35
1.76,-85.93,-2.24,87.08,98.77,2.35
1.76,-85.85,-2.33,87.08,98.77,2.35
1.76,-85.67,-2.42,87.08,98.86,2.35
1.76,-85.41,-2.42,87.08,98.86,2.35
1.76,-85.41,-2.51,86.90,98.86,2.35
1.85,-85.32,-2.59,86.73,98.86,2.35
1.93,-85.23,-2.59,86.73,98.86,2.35
1.93,-85.05,-2.42,86.64,98.95,2.35
1.93,-84.35,-2.24,86.64,98.95,2.35
1.93,-81.54,-2.42,86.55,98.95,2.35
1.93,-77.32,-2.68,86.55,98.95,2.35
1.93,-73.19,-2.86,86.55,98.95,2.35
2.02,-69.85,-2.86,86.55,98.95,2.35
2.11,-67.30,-2.86,86.55,98.95,2.35
1.93,-64.84,-2.86,86.55,98.95,2.35
1.93,-61.76,-2.86,86.46,98.95,2.35
1.93,-57.98,-2.86,86.46,98.95,2.35
1.93,-54.11,-3.03,86.46,98.95,2.35
1.93,-50.86,-4.00,86.46,98.95,2.35
1.85,-47.87,-5.85,86.46,98.95,2.35
1.85,-44.35,-8.13,86.55,98.95,2.35
1.85,-40.48,-10.51,86.55,98.95,2.35
1.85,-35.91,-12.97,86.64,98.95,2.35
1.76,-30.90,-15.16,86.73,98.95,2.35
1.76,-26.15,-17.19,86.73,98.95,2.35
1.76,-21.85,-19.30,86.73,98.95,2.35
1.76,-17.89,-21.49,86.73,98.95,2.35
1.67,-14.20,-23.78,86.90,98.95,2.35
1.67,-10.86,-26.24,86.90,98.95,2.35
1.67,-7.60,-28.79,87.08,98.95,2.35
1.67,-4.44,-31.08,87.08,98.95,2.35
1.67,-1.01,-32.75,87.08,98.95,2.35
1.58,2.07,-34.07,87.08,98.95,2.35
1.05,4.70,-35.12,87.08,98.95,2.35
-0.97,6.81,-36.00,87.08,98.95,2.35
-2.81,8.40,-36.62,87.08,98.95,2.35
-3.87,9.80,-36.88,87.08,98.95,2.35
-4.40,11.21,-36.88,87.08,98.95,2.35
-4.84,12.62,-36.97,87.08,98.95,2.35
-5.01,14.20,-36.97,86.90,98.95,2.35
-5.01,15.69,-36.97,86.81,98.95,2.35
-5.01,16.66,-37.05,86.81,98.86,2.35
-5.01,16.92,-37.05,86.81,98.77,2.35
-5.01,17.01,-36.97,86.99,98.77,2.35
-5.01,17.01,-36.97,86.99,98.68,2.35
-5.01,17.01,-36.97,86.81,98.68,2.35
-5.01,16.92,-36.97,86.73,98.59,2.35
-5.01,16.92,-36.97,86.81,98.59,2.35
-5.01,16.92,-36.97,86.99,98.59,2.35
-5.01,16.92,-36.88,86.90,98.68,2.35
-5.01,16.92,-36.70,86.73,98.86,2.35
-5.01,17.01,-36.79,86.64,98.68,2.35
-5.01,17.01,-36.79,86.64,98.68,2.35
-5.01,17.10,-36.79,86.55,98.86,2.35
-5.01,17.01,-36.79,86.55,98.86,2.35
-5.01,16.92,-36.79,86.64,98.86,2.35
-5.01,16.92,-36.79,86.64,98.86,2.35
-5.10,17.01,-36.79,86.64,98.95,2.35
-5.19,17.01,-36.79,86.64,98.95,2.35
-5.19,17.01,-36.79,86.64,98.95,2.35
-5.19,17.10,-36.79,86.64,98.95,2.35
-5.10,17.98,-36.97,86.64,99.03,2.35
-5.10,18.95,-37.05,86.55,99.03,2.35
-5.10,20.09,-37.05,86.46,99.03,2.35
-5.10,21.41,-37.05,85.76,99.03,2.35
-5.19,22.99,-37.14,83.82,99.03,2.35
-5.19,24.48,-37.41,81.01,99.03,2.35
-5.10,25.80,-38.29,78.55,99.03,2.35
-5.10,27.12,-38.99,77.49,99.03,2.35
-5.10,28.53,-39.60,77.49,99.03,2.35
-5.19,29.67,-40.13,77.41,99.03,2.35
-5.27,30.46,-41.01,77.41,99.03,2.35
-5.98,31.34,-41.98,77.41,99.03,2.35
-6.68,32.22,-42.59,77.49,99.03,2.35
-7.03,33.10,-42.68,77.49,99.03,2.35
-7.21,34.15,-42.68,77.49,98.95,2.35
-7.21,35.21,-42.68,77.49,98.95,2.35
-7.21,36.18,-42.68,77.49,98.95,2.35
-7.21,36.88,-42.68,77.49,98.95,2.35
-7.30,37.05,-42.68,77.49,98.95,2.35
-7.30,36.97,-42.68,77.49,98.95,2.35
-7.21,36.79,-42.68,77.49,98.95,2.35
-7.21,36.79,-42.68,77.58,98.95,2.35
-7.21,36.79,-42.68,77.58,98.77,2.35
-7.21,36.97,-42.68,77.58,98.68,2.35
-7.21,37.05,-42.68,77.58,98.68,2.35
-7.21,37.05,-42.68,77.58,98.68,2.35
-7.21,37.05,-42.59,77.58,98.68,2.35
-7.21,37.05,-42.59,77.58,98.59,2.35
-7.21,36.97,-42.51,77.58,98.59,2.35
-7.21,37.05,-42.42,77.67,98.59,2.35
-7.12,37.05,-42.42,78.11,98.59,2.35
-7.12,37.05,-42.42,79.08,98.59,2.35
-7.12,37.05,-42.42,80.40,98.59,2.35
-7.12,37.14,-42.42,81.63,98.59,2.35
-7.12,37.23,-42.51,82.33,98.59,2.35
-7.12,37.23,-42.59,82.51,98.59,2.35
-7.12,37.23,-42.59,82.59,98.59,2.35
-7.12,37.32,-42.59,82.59,98.59,2.35
-7.12,37.32,-42.59,82.59,98.59,2.35
-7.12,37.32,-42.51,82.51,98.59,2.35
-7.12,37.32,-42.51,82.51,98.59,2.35
-7.12,37.41,-42.42,82.51,98.59,2.35
-7.12,37.41,-42.42,82.51,98.59,2.35
-7.12,37.41,-42.42,82.51,98.59,2.35
-7.12,37.49,-42.33,82.51,98.59,2.35
-7.12,37.93,-42.33,82.51,98.59,2.35
-7.12,39.87,-42.33,82.51,98.59,2.35
-7.12,41.89,-42.33,82.51,98.59,2.35
-7.12,43.82,-42.51,82.51,98.59,2.35
-7.12,44.88,-42.59,82.51,98.59,2.35
-7.12,45.14,-42.68,82.51,98.59,2.35
-7.12,45.14,-42.68,82.51,98.59,2.35
-7.12,45.14,-42.68,82.51,98.59,2.35
-7.12,45.14,-42.68,82.51,98.59,2.35
-7.12,45.14,-42.68,82.33,98.59,2.35
-7.12,45.14,-42.68,82.15,98.59,2.35
-7.12,45.14,-42.68,82.07,98.59,2.35
-7.12,45.14,-42.68,81.98,98.59,2.35
-7.12,45.23,-42.68,81.98,98.59,2.35
-7.12,45.23,-42.68,81.98,98.59,2.35
-7.12,45.23,-42.77,81.89,98.59,2.35
-7.12,45.14,-42.77,81.89,98.59,2.35
-7.12,45.14,-42.77,81.89,98.59,2.35
-7.12,45.14,-42.77,81.89,98.59,2.35
-7.12,45.05,-42.77,81.89,98.59,2.35
-7.12,45.14,-42.77,81.89,98.59,2.35
-7.12,45.23,-42.77,81.89,98.59,2.35
-7.12,45.23,-42.77,81.89,98.59,2.35
-7.12,45.32,-42.77,81.89,98.59,2.35
-7.12,45.32,-42.77,81.89,98.59,2.35
-7.12,45.32,-42.77,81.89,98.59,2.35
-7.12,45.14,-42.77,81.89,98.59,2.35
-7.03,45.05,-42.77,81.89,98.59,2.35
-7.03,45.05,-42.77,81.89,98.59,2.35
-6.95,45.41,-42.68,81.89,98.59,2.35
-6.95,45.49,-42.68,81.89,98.59,2.35
-7.03,45.49,-42.68,81.89,98.59,2.35
-7.03,45.14,-42.68,81.89,98.51,2.35
-6.95,45.05,-42.68,81.89,98.51,2.35
-6.95,45.05,-42.68,81.98,98.51,2.35
-6.95,45.05,-42.68,82.42,98.42,2.35
-7.03,45.05,-42.68,82.42,98.42,2.41
-7.21,45.05,-42.68,82.15,98.42,2.54
-7.30,45.05,-42.68,81.89,98.42,3.16
-7.30,45.05,-42.77,81.89,98.42,4.89
-7.30,45.05,-42.77,81.89,98.42,7.74
-7.30,45.05,-42.77,81.80,98.51,11.39
-7.12,45.05,-42.77,81.80,98.59,15.11
-7.12,45.23,-42.77,81.80,98.59,18.70
-6.95,45.32,-42.77,81.80,98.68,21.49
-6.86,45.32,-42.77,81.45,98.59,23.16
-6.86,45.32,-42.77,80.31,98.59,23.72
-6.86,45.41,-42.68,79.25,98.59,23.78
-6.86,45.41,-42.68,78.81,98.59,23.78
-6.86,45.41,-42.68,78.64,98.51,23.78
-6.86,45.41,-42.68,78.64,98.51,23.78
-6.86,45.41,-42.68,78.55,98.51,23.78
-6.86,45.41,-42.68,78.55,98.51,23.78
-6.86,45.14,-42.68,78.55,98.51,23.78
-6.86,45.14,-42.68,78.64,98.51,23.78
-6.86,45.05,-42.68,78.64,98.51,23.78
-6.86,45.05,-42.68,78.64,98.51,23.78
-6.86,45.05,-42.68,78.64,98.51,23.78
-6.86,45.05,-42.68,78.64,98.51,23.78
-6.86,44.88,-42.77,78.64,98.51,23.78
-6.77,43.74,-42.86,78.90,98.51,23.78
-6.77,39.69,-42.86,79.16,98.51,23.78
-6.77,33.89,-42.68,79.16,98.51,23.78
-6.77,28.26,-42.59,79.16,98.51,23.78
-6.77,22.81,-42.51,79.25,98.51,23.78
-6.77,16.84,-42.42,79.25,98.51,23.78
-6.68,10.86,-42.24,79.34,98.51,23.78
-6.68,5.76,-42.24,79.34,98.51,23.78
-6.59,1.19,-42.24,79.34,98.51,23.78
-6.59,-3.65,-42.24,79.34,98.51,23.78
-6.59,-8.84,-42.24,79.52,98.51,23.78
-6.59,-13.93,-42.24,80.22,98.59,23.78
-6.15,-19.03,-42.24,81.71,98.68,23.78
-4.75,-23.87,-42.24,83.82,98.77,23.78
-2.29,-28.26,-42.24,85.58,98.86,23.78
1.85,-32.22,-42.24,87.25,98.95,23.78
7.74,-35.12,-42.24,88.48,98.95,23.78
15.12,-37.14,-42.24,89.63,98.95,23.78
24.00,-38.29,-42.24,90.95,98.95,23.78
33.23,-38.90,-42.24,92.09,98.95,23.78
42.46,-39.96,-42.24,93.49,98.95,23.78
51.16,-41.71,-42.24,94.81,98.86,23.78
58.99,-43.12,-42.24,95.96,98.77,23.78
65.93,-44.26,-42.24,96.75,98.77,23.78
71.65,-44.97,-42.24,97.10,98.77,23.78
76.13,-45.14,-42.07,97.10,98.86,23.78
79.30,-44.97,-41.10,97.10,98.95,23.78
80.97,-44.70,-38.11,96.75,98.95,23.78
81.32,-44.97,-32.66,96.57,99.03,23.78
81.32,-45.32,-25.36,96.57,99.03,23.78
81.49,-46.55,-17.27,96.48,99.03,23.78
81.49,-49.80,-8.40,96.40,99.03,23.78
81.58,-53.58,1.36,96.40,99.03,23.78
81.58,-57.80,11.91,96.13,99.03,23.78
81.58,-63.16,22.99,94.29,99.03,23.78
81.58,-69.93,33.80,91.03,99.03,23.78
81.58,-77.58,44.62,86.55,99.03,23.78
81.58,-85.58,55.25,81.80,99.03,23.78
81.58,-93.67,66.42,77.14,99.03,23.78
81.58,-101.76,77.76,73.27,99.03,23.78
81.49,-108.26,88.13,70.29,99.03,23.78
81.49,-109.23,98.24,68.70,98.95,23.78
81.49,-106.86,101.14,68.62,98.95,23.78
81.76,-104.57,97.63,68.62,98.95,23.59
82.29,-104.13,95.16,68.70,98.95,22.79
82.55,-104.13,95.43,69.85,98.95,18.45
82.55,-104.13,95.96,72.31,98.59,8.92
82.29,-104.22,95.96,74.95,98.51,0.00
82.29,-104.22,95.96,76.88,98.51,0.00
82.29,-104.22,95.96,78.20,98.51,3.90
82.55,-104.22,95.96,78.55,98.51,7.00
82.55,-104.22,95.96,78.64,98.51,7.80
82.55,-104.22,95.96,78.64,98.51,7.80
82.55,-104.22,95.96,78.64,98.51,7.80
82.55,-104.22,95.96,78.73,98.51,7.80
82.55,-104.22,95.96,78.73,98.51,7.80
82.55,-104.22,95.96,78.73,98.51,7.80
